timestamp	num_vids	num_likes	num_followers	num_following
1683702000	19		159	
1683788400	19		160	
1683874800	19		160	
1683961200	19		160	
1684047600	19		160	
1684134000	19		160	
1684220400	19		160	
1684306800	19		160	
1684393200	19		160	
1684479600	19		160	
1684566000	21		163	
1684652400	21		162	
1684738800	22		205	
1684825200	22		242	
1684911600	22		266	
1684998000	22		272	
1685084400	22		278	
1685170800	22		288	
1685257200	22		297	
1685343600	22		299	
1685430000	22		310	
1685516400	22		312	
1685602800	22		315	
1685689200	22		317	
1685775600	22		319	
1685862000	22		320	
1685948400	22		319	
1686034800	22		319	
1686121200	22		319	
1686207600	22		321	
1686294000	22		321	
1686380400	22		321	
1686466800	22		321	
1686553200	22		321	
1686639600	22		322	
1686726000	22		322	
1686812400	22		322	
1686898800	22		322	
1686985200	22		323	
1687071600	22		323	
1687158000	22		323	
1687244400	22		324	
1687330800	22		325	
1687417200	22		326	
1687503600	22		326	
1687590000	22		326	
1687676400	22		327	
1687762800	22		327	
1687849200	22		328	
1687935600	22		329	
1688022000	22		330	
1688108400	22		329	
1688194800	22		327	
1688281200	22		519	
1688367600	22		751	
1688454000	22		775	
1688540400	22		793	
1688626800	22		798	
1688713200	22	19500	808	277
1688799600	23	19800	819	277
1688886000	24	19900	828	277
1688972400	26	20700	844	273
1689058800	26	20900	850	273
1689145200	27	21500	855	273
1689231600	28	21700	861	274
1689375466.130397	29	21900	862	275
1689377200.8305304	29	21900	862	275
1689377599.767779	29	21900	862	275
1689381204.1382318	29	21900	862	275
1689384807.2272084	29	21900	862	275
1689388410.2542255	29	21900	862	275
1689392013.6646287	29	21900	862	275
1689395616.4940152	29	21900	862	275
1689399218.4826252	29	22000	862	275
1689402820.7928543	29	22000	862	275
1689406424.709918	29	22000	862	275
1689410028.1191487	29	22000	864	275
1689413630.384293	29	22000	864	275
1689417232.9986994	29	22000	864	275
1689420836.7806325	29	22000	865	275
1689424439.2853143	29	22000	865	275
1689428049.5139518	29	22000	867	275
1689431651.6021228	29	22000	867	275
1689435252.9876804	29	22000	866	275
1689438855.4551797	29	22000	866	275
1689442456.9717407	29	22000	867	275
1689446059.443648	29	22000	867	275
1689449662.7877114	29	22000	868	275
1689453265.8270109	29	22100	868	275
1689456867.4477532	29	22100	868	275
1689460470.9140136	29	22100	869	275
1689464073.8156655	29	22100	869	275
1689467676.940993	29	22100	869	275
1689471279.5355546	29	22100	870	275
1689474881.2392075	29	22100	870	275
1689478488.269835	29	22100	870	275
1689482089.9444163	29	22100	870	275
1689485692.120385	29	22100	870	275
1689489295.567429	29	22100	871	275
1689492898.4842246	29	22100	871	275
1689496501.1404653	29	22100	871	275
1689500103.7247505	29	22200	872	275
1689503709.9221506	29	22200	872	275
1689507311.8222249	29	22200	873	275
1689510914.6460707	29	22200	873	275
1689514516.1726252	29	22200	874	275
1689518119.2411191	29	22200	874	275
1689521722.3166149	29	22200	874	275
1689525326.1956131	29	22200	874	275
1689528929.6611664	29	22200	872	275
1689532532.2102067	29	22300	872	275
1689536135.547937	29	22300	873	275
1689539739.1102912	29	22300	873	275
1689543341.1900147	29	22300	873	275
1689546943.9329078	29	22300	873	275
1689550546.4658265	29	22300	873	275
1689554149.6662476	29	22300	873	275
1689557752.391916	29	22300	873	275
1689561354.8410642	29	22300	874	275
1689621386.786447	29	22400	880	275
1689624996.629225	29	22400	880	276
1689628599.710267	29	22500	880	276
1689629450.101467	29	22500	880	276
1689629671.4536035	29	22500	880	276
1689631884.762716	29	22500	880	276
1689632220.1022382	29	22500	880	276
1689635835.4790046	29	22500	880	277
1689636611.4101942	29	22500	880	277
1689640231.1093417	29	22500	880	277
1689643833.9473302	29	22500	880	277
1689647436.607325	29	22500	880	277
1689651039.7480268	29	22500	880	277
1689654643.3994443	29	22500	880	277
1689658246.7286248	29	22500	880	277
1689662390.8857417	29	22500	881	277
1689663078.9080026	29	22600	881	277
1689663283.279924	29	22500	881	277
1689663346.7438965	29	22500	881	277
1689663405.335358	29	22500	881	277
1689665996.213666	29	22600	881	277
1689667017.1080496	29	22600	881	277
1689669601.5000744	30	22600	882	277
1689670621.5372972	30	22600	882	277
1689673206.6638951	30	22600	884	277
1689674225.7993245	30	22600	885	277
1689676811.759214	30	22600	885	277
1689677829.7337887	30	22600	885	277
1689680415.232003	30	22700	886	277
1689681432.9736564	30	22700	886	277
1689684019.1866083	30	22700	886	277
1689685035.349046	30	22700	886	277
1689687622.604082	30	22700	886	277
1689688637.3043213	30	22700	886	277
1689691226.668907	30	22700	886	277
1689692242.568392	30	22700	886	277
1689694829.689005	30	22800	887	277
1689695844.996209	30	22800	887	277
1689696579.630806	30	22800	887	277
1689696829.9799223	30	22800	887	277
1689696915.8252616	30	22800	887	277
1689698434.516726	30	22800	887	277
1689700526.872533	30	22800	887	277
1689702038.5396965	30	22800	887	277
1689704129.2733147	30	22800	887	277
1689705641.8150797	30	22800	888	277
1689707733.112957	30	22900	887	277
1689709245.7355998	30	22900	887	277
1689711337.43992	30	22900	888	277
1689712848.7174144	30	22900	888	277
1689714940.6074698	30	22900	888	277
1689727214.1818652	30	22900	888	277
1689731891.886367	30	22900	888	278
1689731898.4333477	30	22900	888	278
1689732434.1003623	30	22900	888	278
1689732558.1538925	30	22900	888	278
1689745747.8380945	31	23000	888	278
1689747550.909131	31	23000	889	278
1689751165.118401	31	23100	890	279
1689754767.9796762	31	23200	891	279
1689758370.4755409	31	23200	891	279
1689761974.854205	31	23200	891	279
1689765577.7922714	31	23200	892	279
1689769179.9360952	31	23200	893	279
1689772782.1043006	31	23300	893	279
1689776385.917431	31	23300	892	279
1689779988.9613938	31	23300	892	279
1689783592.5026028	31	23300	892	279
1689787195.436593	31	23300	892	279
1689790797.1692594	31	23400	892	279
1689794400.2336977	31	23400	892	279
1689798003.5758705	31	23400	893	279
1689801607.2708008	31	23400	893	279
1689805210.1487703	31	23400	894	279
1689808812.5588334	31	23400	894	279
1689812415.3659885	31	23400	894	279
1689816017.8632102	31	23400	894	279
1689818796.8245597	32	23400	894	279
1689819130.4576645	32	23400	894	279
1689819621.6859276	32	23400	894	279
1689822751.453695	32	23400	894	280
1689823225.661579	32	23400	894	280
1689826633.657206	32	23500	894	280
1689826804.195809	32	23500	894	280
1689830418.2505603	32	23500	894	280
1689834021.8114686	32	23500	895	280
1689840479.570534	32	23500	895	280
1689844082.442675	32	23500	896	280
1689847684.8568988	32	23500	896	280
1689851286.8346822	32	23500	896	280
1689854926.1710272	32	23500	896	280
1689858529.8555322	32	23500	896	280
1689862132.1633687	32	23600	896	280
1689865735.2915957	32	23600	897	280
1689869337.687506	32	23600	897	280
1689872942.209532	32	23600	898	280
1689876545.7003262	32	23600	898	280
1689880148.8967562	32	23600	898	280
1689883753.8495266	32	23600	899	280
1689887357.8628852	32	23600	899	280
1689890960.2856886	32	23600	899	280
1689894562.3532534	32	23600	899	280
1689898165.2830017	32	23600	899	280
1689902529.1107028	32	23600	899	280
1689902557.435168	32	23600	899	280
1689902964.1878806	32	23600	899	280
1689905643.7056353	32	23600	899	280
1689906592.491168	32	23700	899	280
1689906782.4738455	32	23600	899	280
1689906916.3605986	32	23600	899	280
1689907616.1622636	32	23600	899	280
1689907847.9537508	32	23600	899	280
1689908143.8019743	32	23600	899	280
1689911754.302869	32	23700	899	280
1689913171.5886242	33	23700	898	280
1689916822.215902	33	23700	898	280
1689920423.8720267	33	23700	898	280
1689924026.8753295	33	23700	898	280
1689927629.84704	33	23700	898	280
1689931232.5120156	33	23700	898	280
1689934836.528206	33	23700	898	280
1689938439.7594016	33	23700	898	280
1689942043.5591996	33	23700	899	280
1689945646.4729826	33	23700	900	280
1689949249.9947743	33	23800	900	280
1689952852.6164112	33	23800	901	280
1689956456.7543955	33	23800	902	280
1689960060.1860662	33	23800	902	280
1689963662.5219998	33	23800	902	280
1689967264.8169012	33	23800	902	280
1689970867.5496397	33	23800	902	280
1689974470.980585	33	23800	902	280
1689978074.227328	33	23800	902	280
1689981677.4179802	33	23800	903	280
1689985281.2159095	33	23800	903	280
1689988883.6772797	33	23800	903	279
1689992487.6732087	33	23900	903	279
1689996090.6989107	33	23900	903	279
1689999693.906448	33	23900	903	279
1690003296.187464	33	23900	903	279
1690006900.1937405	33	23900	903	279
1690015961.5972466	33	23900	903	279
1690019576.1278994	33	23900	903	279
1690023179.510777	33	23900	903	279
1690026781.588843	33	24000	902	279
1690030385.4075606	33	24000	902	279
1690033988.139578	33	24000	902	279
1690037592.4693763	33	24000	902	279
1690041195.5948308	33	24000	903	279
1690044799.196335	33	24000	904	279
1690051082.8144157	34	24000	904	279
1690054685.6972904	34	24000	904	279
1690058288.526801	34	24000	904	279
1690061891.3518834	34	24000	905	279
1690065495.2417796	34	24000	905	279
1690069096.9154851	34	24100	905	279
1690072700.886104	34	24100	905	279
1690076302.8704343	34	24100	905	279
1690078727.9341948	34	24100	906	279
1690078815.5016148	34	24100	906	279
1690078885.3564477	34	24100	906	279
1690082500.1427834	34	24100	906	279
1690086104.9247563	34	24100	906	279
1690089707.6047616	34	24100	906	279
1690090064.2335663	34	24100	906	279
1690090120.1262305	34	24100	906	279
1690090168.421106	34	24100	906	279
1690090289.7081356	34	24100	906	279
1690090370.2132142	34	24100	906	279
1690090868.1906738	34	24100	906	279
1690092313.36606	34	24100	906	279
1690092426.795019	34	24100	906	279
1690092809.8068578	34	24100	906	279
1690094313.5276108	34	24100	906	279
1690094327.106634	34	24100	906	279
1690094388.4471903	34	24100	906	279
1690095443.5331502	34	24100	906	279
1690099057.4202845	34	24100	907	279
1690102664.6321142	34	24100	907	279
1690106268.1210213	34	24100	907	279
1690109871.4140782	34	24100	907	279
1690113473.1666893	34	24200	907	279
1690117076.3190072	34	24200	906	279
1690120680.089164	34	24200	906	279
1690124283.560805	34	24200	906	279
1690127885.47979	34	24200	906	279
1690131489.306684	34	24200	906	279
1690135091.0529883	34	24200	905	279
1690138694.659629	34	24300	907	279
1690142298.00372	34	24300	908	279
1690145901.3402245	34	24300	908	279
1690149504.1965468	34	24300	908	279
1690153107.5577114	34	24300	908	279
1690156711.933492	34	24300	908	279
1690160314.7033205	34	24300	908	279
1690161615.58764	35	24300	908	279
1690166497.093861	35	24400	909	279
1690171998.559997	35	24400	909	280
1690175603.72967	35	24400	909	280
1690179207.1290298	35	24400	909	280
1690182809.3421206	35	24400	909	280
1690186414.4537826	35	24400	909	280
1690190017.5615096	35	24400	909	280
1690193621.1656134	35	24400	910	280
1690197224.7515671	35	24400	910	280
1690200827.6264887	35	24500	910	280
1690204432.012993	35	24500	911	280
1690208036.5264142	35	24500	911	280
1690211641.023515	35	24500	913	280
1690215243.8566897	35	24500	913	280
1690218847.0218103	35	24500	913	280
1690222451.6416607	35	24500	913	280
1690226054.0054336	35	24500	913	280
1690229655.4647706	35	24500	914	280
1690233258.3502684	35	24500	914	280
1690236862.6689343	35	24500	914	280
1690240466.1883652	35	24500	914	280
1690244069.358868	35	24500	914	280
1690247672.9637454	35	24500	914	280
1690251275.9403756	35	24500	914	280
1690254889.917941	35	24500	914	280
1690258496.2396753	35	24500	915	280
1690269975.8036273	35	24500	916	280
1690273591.8498273	35	24500	917	280
1690277206.029803	35	24500	917	280
1690280809.8088949	35	24600	918	280
1690284426.3820434	35	24600	919	280
1690288028.3954916	35	24600	919	280
1690291633.52694	35	24600	919	280
1690295236.364237	35	24600	919	280
1690298840.4061842	35	24600	918	280
1690302503.9024563	36	24700	919	280
1690306106.461798	36	24700	919	280
1690309708.3010058	36	24700	920	280
1690313311.8007927	36	24700	920	280
1690316915.5198102	36	24700	920	280
1690320519.4667723	36	24700	921	280
1690324123.361965	36	24700	922	280
1690327726.1143565	36	24700	922	280
1690331328.8465106	36	24700	922	280
1690334931.1596296	36	24700	922	280
1690338534.7083693	36	24700	922	280
1690342138.866847	36	24700	922	280
1690345743.1844084	36	24700	923	280
1690349345.5868	36	24800	923	280
1690352948.926833	36	24800	923	280
1690356552.670292	36	24800	923	280
1690374124.4658694	36	24800	925	280
1690377741.2088845	36	24800	925	280
1690381344.402301	36	24800	925	280
1690384948.628338	36	24800	926	280
1690388550.7731364	36	24800	926	280
1690392154.5561748	36	24800	926	280
1690395758.564623	36	24900	926	280
1690399362.265865	36	24900	927	280
1690402964.8461266	36	24900	927	280
1690406568.2151425	36	24900	927	280
1690410171.6747632	36	24900	927	280
1690413774.3173013	36	24900	927	280
1690417376.4826665	36	24900	928	280
1690420981.045533	36	24900	928	280
1690424585.783526	36	24900	928	280
1690428189.007741	36	24900	928	280
1690431791.69658	36	24900	928	280
1690435396.1023629	36	24900	928	280
1690438999.8630593	36	24900	928	280
1690442603.3823693	36	24900	928	280
1690446207.1100042	36	24900	928	280
1690449812.4438632	36	24900	929	280
1690453415.8538098	36	25000	929	280
1690457017.610397	36	25000	929	280
1690460619.80593	36	25000	929	280
1690472669.6341476	36	25000	929	280
1690476285.568346	36	25000	928	280
1690479051.9065194	36	25000	928	280
1690482663.9082844	36	25000	929	280
1690486267.285664	36	25000	930	280
1690489869.436127	36	25000	930	280
1690493474.1741595	36	25000	930	280
1690497077.8989203	36	25000	930	280
1690500683.464152	36	25000	930	280
1690504287.087193	36	25000	930	280
1690507891.5376525	36	25100	930	280
1690511502.33594	36	25100	931	280
1690515105.505006	36	25100	931	280
1690518708.7650282	36	25100	931	280
1690525961.646605	36	25100	932	280
1690526018.780954	36	25100	932	280
1690526379.5700912	36	25100	932	280
1690526411.372777	36	25100	932	280
1690528512.0425286	36	25100	932	280
1690528587.2066333	36	25100	932	280
1690528641.3613386	36	25100	932	280
1690528788.7241206	36	25100	932	280
1690529109.2525427	36	25100	932	280
1690529170.646558	36	25100	932	280
1690529488.7709522	36	25100	932	280
1690529718.9847517	36	25100	932	280
1690529962.2668602	36	25100	932	280
1690560239.3904247	36	25100	934	280
1690563851.1878662	36	25200	934	280
1690567466.8495562	36	25200	934	280
1690571079.4401083	36	25200	934	280
1690574691.8540103	36	25200	934	280
1690578303.0407765	36	25200	934	280
1690580161.3100293	36	25200	934	280
1690582206.4774096	36	25200	934	280
1690582886.0109046	36	25200	935	280
1690583214.3105223	36	25200	935	280
1690586826.5440612	36	25200	935	280
1690590439.747179	36	25200	935	280
1690594053.652631	36	25200	935	280
1690597665.2213645	36	25200	935	280
1690601276.9350762	36	25200	934	280
1690604885.4783835	36	25200	934	280
1690608494.2590034	36	25200	934	280
1690612104.4358284	36	25200	934	280
1690615732.155159	36	25200	934	280
1690619341.6441681	36	25200	934	280
1690622952.5958843	36	25200	934	280
1690626562.6809692	36	25200	935	280
1690630174.993823	36	25200	935	280
1690633785.1294062	36	25200	936	280
1690637393.4050746	36	25200	936	280
1690641005.3607435	36	25200	937	280
1690644635.6158874	36	25300	937	280
1690648248.450362	36	25300	937	280
1690651859.202097	36	25300	937	280
1690655469.4610837	36	25300	937	280
1690659081.6492026	36	25300	938	280
1690662691.0197742	36	25300	939	280
1690666300.980587	36	25300	939	280
1690669911.7171752	36	25300	939	280
1690673521.6222408	36	25300	939	280
1690677133.1289136	36	25300	938	280
1690680750.895206	36	25300	938	280
1690684366.6435769	36	25300	938	280
1690687979.3373013	36	25400	938	280
1690691587.5981934	36	25400	938	280
1690695199.3655448	36	25400	938	280
1690698812.0147083	36	25400	938	280
1690702419.9128942	36	25400	939	280
1690706032.144384	36	25400	939	280
1690709644.9387608	36	25400	940	280
1690713258.3267288	36	25400	940	280
1690716878.1326344	36	25400	940	280
1690720489.3560467	36	25400	940	280
1690724100.4694078	36	25500	940	280
1690727713.972432	36	25500	941	280
1690731325.4592261	36	25500	941	280
1690734937.3937173	36	25500	941	280
1690738548.708448	36	25500	941	280
1690742170.72367	36	25500	942	280
1690745789.665143	36	25500	944	280
1690749401.5347803	36	25500	944	280
1690753012.330583	36	25500	944	280
1690756622.1051788	36	25500	945	280
1690760236.3465588	36	25500	945	280
1690763849.1514926	36	25500	945	280
1690767459.2458303	36	25600	945	280
1690771070.671762	36	25600	945	280
1690774681.7932885	36	25600	945	280
1690777237.784752	36	25600	945	280
1690780865.991292	36	25600	946	280
1690784486.4379332	36	25600	946	280
1690786082.7397273	36	25600	946	280
1690789704.4998207	36	25600	946	280
1690793316.5196805	36	25600	947	280
1690796929.3878055	36	25600	947	280
1690800548.074917	36	25600	947	280
1690804161.9632158	36	25600	948	280
1690807771.9930646	36	25600	948	280
1690811385.32289	36	25600	948	280
1690815004.6611683	36	25700	948	280
1690818622.0437717	36	25700	948	280
1690822237.5022378	36	25700	948	280
1690822252.9307933	36	25700	948	280
1690822631.9242094	36	25700	948	280
1690822659.1865554	36	25700	948	280
1690822953.3097534	37	25700	948	280
1690825760.868612	37	25700	948	280
1690829383.0103064	37	25700	948	280
1690832994.216369	37	25700	949	280
1690836612.166367	37	25800	949	280
1690840224.6698394	37	25800	949	280
1690843836.2388268	37	25800	949	280
1690847448.325455	37	25800	949	280
1690852564.4264038	37	25800	949	280
1690856190.3602548	37	25800	949	280
1690859802.6088164	37	25800	949	280
1690863419.396692	37	25800	950	280
1690867031.042936	37	25800	950	280
1690870644.0070288	37	25800	950	280
1690874255.786401	37	25800	950	280
1690877864.326218	37	25800	951	280
1690881475.4140794	37	25800	953	280
1690885090.8174553	37	25800	953	280
1690888709.0600019	37	25800	953	280
1690892321.95816	37	25800	953	280
1690895934.504282	37	25800	953	280
1690899547.1905205	37	25800	953	280
1690903158.0904517	37	25900	953	280
1690906768.7786536	37	25900	953	280
1690910398.1801252	37	25900	953	280
1690923107.2694118	37	25900	953	280
1690933866.7581196	38	25900	955	280
1690946297.5402217	38	25900	955	280
1690949534.8868506	38	25900	955	281
1690959960.4611523	38	26000	956	281
1690960076.588719	38	26000	956	281
1690960181.5242598	38	26000	956	281
1690961104.5363338	38	26000	956	281
1690962024.8668299	38	26000	956	281
1690962640.8130805	38	26000	956	281
1690962709.318718	38	26000	956	281
1690965445.5773754	38	26000	957	281
1690965644.9493194	38	26000	956	281
1690966074.3283696	38	26000	956	281
1690966170.5822737	38	26000	956	281
1690966316.2278633	38	26000	956	281
1690966403.7649982	38	26000	956	281
1690967321.6322196	38	26000	956	281
1690968238.1506176	38	26000	956	281
1690969153.3964298	38	26000	956	281
1690970066.65354	38	26000	956	281
1690970982.5652702	38	26000	956	281
1690971895.1490936	38	26000	956	281
1690972810.2182815	38	26000	956	281
1690973725.6206286	38	26000	956	281
1690974646.722695	38	26000	956	281
1690975558.9959652	38	26000	957	281
1690976472.9199486	38	26000	957	281
1690977388.753385	38	26000	957	281
1690978304.1115625	38	26000	957	281
1690979218.5469124	38	26000	957	281
1690980131.1611953	38	26000	957	281
1690981045.3227234	38	26000	957	281
1690981958.4244194	38	26000	957	281
1690982872.852879	38	26000	957	281
1690983788.669894	38	26000	957	281
1690984703.4321942	38	26000	957	281
1690985616.2696998	38	26000	957	281
1690986530.6881454	38	26000	957	281
1690987446.4763157	38	26000	957	281
1690988361.5956442	38	26000	957	281
1690989276.503812	38	26000	957	281
1690990191.0752094	38	26000	957	281
1690991106.0738378	38	26000	957	281
1690992020.959988	38	26000	957	281
1690992937.1986012	38	26000	957	281
1690993857.3596365	38	26000	957	281
1690994771.6349416	38	26000	957	281
1690995698.3489194	38	26000	957	281
1690996613.1867206	38	26000	957	281
1690997551.475664	38	26000	957	281
1690998465.5267541	38	26000	957	281
1690999380.0364335	38	26000	958	281
1691000296.5758681	38	26000	958	281
1691001209.9489145	38	26100	958	281
1691002127.1931465	38	26000	958	281
1691003042.3332841	38	26000	958	281
1691003955.8793228	38	26100	958	281
1691004870.4569697	38	26100	958	281
1691005784.6605482	38	26100	958	281
1691006701.0405583	38	26000	958	281
1691007617.6040742	38	26100	958	281
1691008537.3826048	38	26100	958	281
1691009454.0202885	38	26100	958	281
1691010369.4771008	38	26100	958	281
1691011283.6780982	38	26100	958	281
1691012200.1122754	38	26100	958	281
1691013116.5248146	38	26100	958	281
1691014034.0846462	38	26100	958	281
1691014954.3362994	38	26100	958	281
1691015871.5339925	38	26100	958	281
1691016787.696928	38	26100	958	281
1691017704.4687953	38	26100	958	281
1691018621.1708066	38	26100	958	281
1691019537.9213154	38	26100	958	281
1691020455.6864617	38	26100	958	281
1691021373.9766145	38	26100	958	281
1691022289.9353955	39	26000	957	281
1691023214.8877482	38	26100	958	281
1691024134.011132	38	26100	958	281
1691025059.3116262	38	26100	958	281
1691025984.707815	38	26100	958	281
1691026908.981045	38	26100	958	281
1691027842.3643115	38	26100	958	281
1691028768.6731322	38	26100	958	281
1691029697.8742378	38	26100	958	281
1691030623.7100382	38	26100	958	281
1691031550.7173202	39	26100	958	281
1691032478.8906224	39	26100	958	281
1691033409.7193725	39	26100	958	281
1691034343.5045838	39	26100	958	281
1691035276.650834	39	26100	958	281
1691036212.4314587	39	26100	958	281
1691037144.6895611	39	26100	958	281
1691038076.7463775	39	26100	958	281
1691039012.9935153	39	26100	958	281
1691042234.7219963	39	26100	958	281
1691043167.643942	39	26100	958	281
1691044097.786826	39	26100	958	281
1691045023.5135126	39	26100	958	281
1691045941.5673053	39	26100	958	281
1691046859.1893277	39	26100	958	281
1691047778.5008132	39	26100	958	281
1691048697.4155817	39	26100	958	281
1691049615.394734	39	26100	958	281
1691050535.2414875	39	26100	958	281
1691071048.7503493	39	26200	958	281
1691115668.2830067	39	26300	959	281
1691116587.0701952	39	26300	959	281
1691117430.5998607	39	26300	959	281
1691117702.703303	39	26300	959	281
1691117852.536041	39	26300	959	281
1691118020.275438	39	26300	959	281
1691118713.1690512	39	26300	959	281
1691164057.4571328	40	26400	959	281